(001)5
(002)5,1,2
(003)5,2,1
(004)5,3,1
(005)5,4,1
(006)5,6,1
(007)5,7,1
(008)5,8,1
(009)5,9,1
(010)5,1,2,3,8
(011)5,1,2,4,8
(012)5,1,2,6,8
(013)5,1,2,7,8
(014)5,1,2,8,4
(015)5,1,2,9,8
(016)5,2,1,3,9
(017)5,2,1,4,9
(018)5,2,1,6,9
(019)5,2,1,7,9
(020)5,2,1,8,9
(021)5,2,1,9,4
(022)5,3,1,2,9
(023)5,3,1,4,9
(024)5,3,1,6,9
(025)5,3,1,7,9
(026)5,3,1,8,9
(027)5,3,1,9,6
(028)5,4,1,2,9
(029)5,4,1,3,9
(030)5,4,1,6,9
(031)5,4,1,7,9
(032)5,4,1,8,9
(033)5,4,1,9,2
(034)5,6,1,2,9
(035)5,6,1,3,9
(036)5,6,1,4,9
(037)5,6,1,7,9
(038)5,6,1,8,9
(039)5,6,1,9,3
(040)5,7,1,2,9
(041)5,7,1,3,9
(042)5,7,1,4,9
(043)5,7,1,6,9
(044)5,7,1,8,9
(045)5,7,1,9,8
(046)5,8,1,2,9
(047)5,8,1,3,9
(048)5,8,1,4,9
(049)5,8,1,6,9
(050)5,8,1,7,9
(051)5,8,1,9,7
(052)5,9,1,2,4
(053)5,9,1,3,6
(054)5,9,1,4,2
(055)5,9,1,6,3
(056)5,9,1,7,8
(057)5,9,1,8,7
(058)5,1,2,8,4,3,6
(059)5,1,2,8,4,6,3
(060)5,1,2,8,4,7,6
(061)5,1,2,8,4,9,6
(062)5,1,2,8,4,6,3,7,9
(063)5,1,2,8,4,6,3,9,7
(064)5,2,1,9,4,3,6
(065)5,2,1,9,4,6,7
(066)5,2,1,9,4,7,6
(067)5,2,1,9,4,8,6
(068)5,3,1,9,6,2,4
(069)5,3,1,9,6,4,2
(070)5,3,1,9,6,7,4
(071)5,3,1,9,6,8,4
(072)5,3,1,9,6,4,2,7,8
(073)5,3,1,9,6,4,2,8,7
(074)5,4,1,9,2,3,8
(075)5,4,1,9,2,6,3
(076)5,4,1,9,2,7,3
(077)5,4,1,9,2,8,3
(078)5,6,1,9,3,2,7
(079)5,6,1,9,3,4,2
(080)5,6,1,9,3,7,2
(081)5,6,1,9,3,8,2
(082)5,7,1,9,8,2,3
(083)5,7,1,9,8,3,2
(084)5,7,1,9,8,4,2
(085)5,7,1,9,8,6,2
(086)5,7,1,9,8,2,3,4,6
(087)5,7,1,9,8,2,3,6,4
(088)5,8,1,9,7,2,3
(089)5,8,1,9,7,3,4
(090)5,8,1,9,7,4,3
(091)5,8,1,9,7,6,3
(092)5,9,1,2,4,3,6
(093)5,9,1,2,4,6,7
(094)5,9,1,2,4,7,6
(095)5,9,1,2,4,8,6
(096)5,9,1,3,6,2,4
(097)5,9,1,3,6,4,2
(098)5,9,1,3,6,7,4
(099)5,9,1,3,6,8,4
(100)5,9,1,4,2,3,8
(101)5,9,1,4,2,6,3
(102)5,9,1,4,2,7,3
(103)5,9,1,4,2,8,3
(104)5,9,1,6,3,2,7
(105)5,9,1,6,3,4,2
(106)5,9,1,6,3,7,2
(107)5,9,1,6,3,8,2
(108)5,9,1,7,8,2,3
(109)5,9,1,7,8,3,2
(110)5,9,1,7,8,4,2
(111)5,9,1,7,8,6,2
(112)5,9,1,8,7,2,3
(113)5,9,1,8,7,3,4
(114)5,9,1,8,7,4,3
(115)5,9,1,8,7,6,3
(116)5,9,1,3,6,4,2,7,8
(117)5,9,1,3,6,4,2,8,7
(118)5,9,1,7,8,2,3,4,6
(119)5,9,1,7,8,2,3,6,4
