(010)5,1,2,3,8
(011)5,1,2,4,8
(012)5,1,2,6,8
(013)5,1,2,7,8
(015)5,1,2,9,8
(016)5,1,2,8,4,3,6
(018)5,1,2,8,4,7,6
(019)5,1,2,8,4,9,6
(020)5,1,2,8,4,6,3,7,9
(021)5,1,2,8,4,6,3,9,7
(022)5,2,1,3,9
(023)5,2,1,4,9
(024)5,2,1,6,9
(025)5,2,1,7,9
(026)5,2,1,8,9
(028)5,2,1,9,4,3,6
(029)5,2,1,9,4,6,7
(030)5,2,1,9,4,7,6
(031)5,2,1,9,4,8,6
(032)5,3,1,2,9
(033)5,3,1,4,9
(034)5,3,1,6,9
(035)5,3,1,7,9
(036)5,3,1,8,9
(038)5,3,1,9,6,2,4
(040)5,3,1,9,6,7,4
(041)5,3,1,9,6,8,4
(042)5,3,1,9,6,4,2,7,8
(043)5,3,1,9,6,4,2,8,7
(044)5,4,1,2,9
(045)5,4,1,3,9
(046)5,4,1,6,9
(047)5,4,1,7,9
(048)5,4,1,8,9
(050)5,4,1,9,2,3,8
(051)5,4,1,9,2,6,3
(052)5,4,1,9,2,7,3
(053)5,4,1,9,2,8,3
(054)5,6,1,2,9
(055)5,6,1,3,9
(056)5,6,1,4,9
(057)5,6,1,7,9
(058)5,6,1,8,9
(060)5,6,1,9,3,2,7
(061)5,6,1,9,3,4,2
(062)5,6,1,9,3,7,2
(063)5,6,1,9,3,8,2
(064)5,7,1,2,9
(065)5,7,1,3,9
(066)5,7,1,4,9
(067)5,7,1,6,9
(068)5,7,1,8,9
(071)5,7,1,9,8,3,2
(072)5,7,1,9,8,4,2
(073)5,7,1,9,8,6,2
(074)5,7,1,9,8,2,3,4,6
(075)5,7,1,9,8,2,3,6,4
(076)5,8,1,2,9
(077)5,8,1,3,9
(078)5,8,1,4,9
(079)5,8,1,6,9
(080)5,8,1,7,9
(082)5,8,1,9,7,2,3
(083)5,8,1,9,7,3,4
(084)5,8,1,9,7,4,3
(085)5,8,1,9,7,6,3
(092)5,9,1,2,4,3,6
(093)5,9,1,2,4,6,7
(094)5,9,1,2,4,7,6
(095)5,9,1,2,4,8,6
(096)5,9,1,3,6,2,4
(098)5,9,1,3,6,7,4
(099)5,9,1,3,6,8,4
(100)5,9,1,3,6,4,2,7,8
(101)5,9,1,3,6,4,2,8,7
(102)5,9,1,4,2,3,8
(103)5,9,1,4,2,6,3
(104)5,9,1,4,2,7,3
(105)5,9,1,4,2,8,3
(106)5,9,1,6,3,2,7
(107)5,9,1,6,3,4,2
(108)5,9,1,6,3,7,2
(109)5,9,1,6,3,8,2
(111)5,9,1,7,8,3,2
(112)5,9,1,7,8,4,2
(113)5,9,1,7,8,6,2
(114)5,9,1,7,8,2,3,4,6
(115)5,9,1,7,8,2,3,6,4
(116)5,9,1,8,7,2,3
(117)5,9,1,8,7,3,4
(118)5,9,1,8,7,4,3
(119)5,9,1,8,7,6,3
