(014)5,1,2,8,3,7,4,9
(015)5,1,2,8,3,7,6,4
(016)5,1,2,8,3,7,9,4
(020)5,1,2,8,4,6,3,7,9
(021)5,1,2,8,4,6,7,3,9
(022)5,1,2,8,4,6,9,3,7
(023)5,1,2,8,6,4,3,7
(025)5,1,2,8,6,4,9,7
(026)5,1,2,8,6,4,7,3,9
(030)5,1,2,8,7,3,4,6,9
(031)5,1,2,8,7,3,6,4,9
(032)5,1,2,8,7,3,9,4,6
(036)5,1,2,8,9,3,4,6,7
(037)5,1,2,8,9,3,6,4,7
(038)5,1,2,8,9,3,7,4,6
(039)5,1,3,7,2,4
(041)5,1,3,7,6,4
(042)5,1,3,7,8,4
(043)5,1,3,7,9,4
(047)5,1,3,7,4,6,2,8,9
(048)5,1,3,7,4,6,8,2,9
(049)5,1,3,7,4,6,9,2,8
(058)5,1,4,6,2,8,3,7,9
(059)5,1,4,6,2,8,7,3,9
(060)5,1,4,6,2,8,9,3,7
(064)5,1,4,6,3,7,2,8,9
(065)5,1,4,6,3,7,8,2,9
(066)5,1,4,6,3,7,9,2,8
(067)5,1,4,6,7,3,2,9
(068)5,1,4,6,7,3,8,2
(069)5,1,4,6,7,3,9,2
(071)5,1,4,6,8,2,7,3
(072)5,1,4,6,8,2,9,3
(073)5,1,4,6,8,2,3,7,9
(075)5,1,4,6,9,2,7,3
(076)5,1,4,6,9,2,8,3
(077)5,1,4,6,9,2,3,7,8
(078)5,1,6,4,2,7
(079)5,1,6,4,3,7
(081)5,1,6,4,8,7
(082)5,1,6,4,9,7
(084)5,1,6,4,7,3,8,2
(085)5,1,6,4,7,3,9,2
(086)5,1,6,4,7,3,2,8,9
(088)5,1,7,3,4,2
(089)5,1,7,3,6,2
(090)5,1,7,3,8,2
(091)5,1,7,3,9,2
(095)5,1,7,3,2,8,4,6,9
(096)5,1,7,3,2,8,6,4,9
(097)5,1,7,3,2,8,9,4,6
(099)5,1,8,2,4,3
(100)5,1,8,2,6,3
(101)5,1,8,2,7,3
(102)5,1,8,2,9,3
(104)5,1,8,2,3,7,6,4
(105)5,1,8,2,3,7,9,4
(106)5,1,8,2,3,7,4,6,9
(108)5,1,9,3,4,2
(109)5,1,9,3,6,2
(110)5,1,9,3,7,2
(111)5,1,9,3,8,2
(115)5,1,9,3,2,8,4,6,7
(116)5,1,9,3,2,8,6,4,7
(117)5,1,9,3,2,8,7,4,6