(10)5,1,2,3,8
(11)5,1,2,4,8
(12)5,1,2,6,8
(13)5,1,2,7,8
(15)5,1,2,9,8
(16)5,1,2,8,4,3,6
(18)5,1,2,8,4,7,6
(19)5,1,2,8,4,9,6
(20)5,1,2,8,4,6,3,7,9
(21)5,1,2,8,4,6,3,9,7
(22)5,2,1,3,9
(23)5,2,1,4,9
(24)5,2,1,6,9
(25)5,2,1,7,9
(26)5,2,1,8,9
(28)5,2,1,9,4,3,6
(29)5,2,1,9,4,6,7
(30)5,2,1,9,4,7,6
(31)5,2,1,9,4,8,6
(32)5,3,1,2,9
(33)5,3,1,4,9
(34)5,3,1,6,9
(35)5,3,1,7,9
(36)5,3,1,8,9
(38)5,3,1,9,6,2,4
(40)5,3,1,9,6,7,4
(41)5,3,1,9,6,8,4
(42)5,3,1,9,6,4,2,7,8
(43)5,3,1,9,6,4,2,8,7
(44)5,4,1,2,9
(45)5,4,1,6,9
(46)5,4,1,8,9
(47)5,6,1,2,9
(48)5,6,1,3,9
(49)5,6,1,4,9
(50)5,6,1,7,9
(51)5,6,1,8,9
(53)5,6,1,9,3,2,7
(54)5,6,1,9,3,4,2
(55)5,6,1,9,3,7,2
(56)5,6,1,9,3,8,2
(57)5,7,1,3,9
(58)5,8,1,2,9
(59)5,8,1,4,9
(60)5,8,1,6,9
(67)5,9,1,2,4,3,6
(68)5,9,1,2,4,6,7
(69)5,9,1,2,4,7,6
(70)5,9,1,2,4,8,6
(71)5,9,1,3,6,2,4
(73)5,9,1,3,6,7,4
(74)5,9,1,3,6,8,4
(75)5,9,1,3,6,4,2,7,8
(76)5,9,1,3,6,4,2,8,7
(77)5,9,1,4,2,6,3
(78)5,9,1,4,2,7,3
(79)5,9,1,6,3,2,7
(80)5,9,1,6,3,4,2
(81)5,9,1,6,3,7,2
(82)5,9,1,6,3,8,2
(84)5,9,1,7,8,2,3,4,6
(85)5,9,1,7,8,2,3,6,4
(86)5,9,1,8,7,2,3
(87)5,9,1,8,7,6,3